
   2.54801
0.09300.06840.06790.07800.11400.06430.06090.07090.09220.04600.02930.03300.05270.03890.04040.0500
1.0381.0721.0171.1001.1351.1731.2361.2511.2131.0831.0341.1801.1301.3011.1971.240
1.3591.4201.4251.4131.3741.4381.4111.3151.3231.3311.3071.2601.3081.2811.3291.378
2.4032.1622.1862.2002.3762.3462.1952.2712.2142.3812.4051.9111.9002.0882.0352.120
2.9262.6532.4192.4312.3842.5362.4052.6722.9693.0492.9992.6362.1922.3912.9482.924
2.9752.7822.7832.7282.7102.8233.1093.2433.4753.4883.5453.2823.0952.9772.8332.958
0.8650.8770.8780.8690.8480.8600.8850.8870.8980.8960.8810.8380.8500.8260.8490.849
0.0000.0000.0000.0000.0000.0000.0000.0000.0000.0000.0000.0000.0000.0000.0000.000
1.4311.4921.3921.5391.5951.6521.7381.7571.7081.5111.4241.6611.5881.8191.6861.743
2.1362.2522.2582.2532.1522.2372.1852.0792.0262.1162.0361.9612.1041.9972.0812.180
3.6293.3603.3003.3153.3633.4573.2343.3023.2533.5093.4183.0022.9863.2093.0953.420
4.5004.1133.7583.7223.7213.9823.9904.1964.5734.8644.4824.3103.7373.9984.5454.465
3.1642.9022.9032.8212.7952.9613.3273.4773.7083.7213.7733.5183.3113.1672.9743.143
1.0481.0801.0821.0601.0031.0351.1011.1061.1341.1281.0900.9751.0080.9401.0051.005
0.0000.0000.0000.0000.0000.0000.0000.0000.0000.0000.0000.0000.0000.0000.0000.000
    0.0120    0.0794    0.1114    0.3457    0.0680    0.3834    0.0000
    0.0117    0.0781    0.1152    0.3005    0.0752    0.4193    0.0000
    0.0090    0.0733    0.1070    0.2686    0.0882    0.4539    0.0000
    0.0165    0.0925    0.1332    0.3160    0.0889    0.3528    0.0000
    0.0184    0.1243    0.1501    0.3024    0.0680    0.3368    0.0000
    0.0277    0.1468    0.1838    0.3001    0.0526    0.2891    0.0000
    0.0245    0.1237    0.1357    0.2502    0.0670    0.3989    0.0000
    0.0193    0.1216    0.1340    0.2639    0.0635    0.3977    0.0000
    0.0190    0.0968    0.1203    0.3260    0.0758    0.3621    0.0000
    0.0244    0.1177    0.1323    0.3963    0.0576    0.2717    0.0000
    0.0235    0.1418    0.1224    0.3955    0.0491    0.2676    0.0000
    0.0251    0.1587    0.1294    0.2908    0.0421    0.3538    0.0000
    0.0365    0.1504    0.1443    0.2258    0.0361    0.4070    0.0000
    0.0332    0.1272    0.1314    0.2275    0.0553    0.4254    0.0000
    0.0156    0.0844    0.1287    0.2361    0.0554    0.4798    0.0000
    0.0178    0.0835    0.1141    0.2980    0.0562    0.4303    0.0000
