caplocs.ex <-
structure(list(locs = c("SLoc1", "SLoc2", "SLoc3", "SLoc4", "SLoc5", 
"SLoc6", "SLoc7", "SLoc8"), n = c(12, 12, 12, 12, 12, 12, 12, 
12), x = c(2098888.26009, 2099085.31886282, 2099413.75015085, 
2099972.08334052, 2099413.75015085, 2100021.34803372, 2098231.39751392, 
2100037.76959812), y = c(860590.710825302, 859998.603520508, 
860031.498370774, 860376.894298571, 858649.914659587, 860919.659327966, 
859817.681844042, 859521.628191645), tavg = c(9.57, 9.91, 10.5, 
9.33, 5.06, 8.35, 5.94, 5.32), ravg = c(8.69, 8.96, 9.52, 12.9, 
3.34, 9.29, 5.93, 0.624)), .Names = c("locs", "n", "x", "y", 
"tavg", "ravg"), row.names = c(NA, -8L), class = "data.frame")
