capsrcs.ex <-
structure(list(Location = c("Pnt 1", "Pnt 2", "Diff 1", "Diff 2", 
"Diff 3"), x = c(2100000, 2099390, 2100066, 2100742, 2099038), 
    y = c(860000, 859719, 860650, 860128, 860354), type = c("point", 
    "point", "diffuse", "diffuse", "diffuse")), .Names = c("Location", 
"x", "y", "type"), row.names = c(NA, -5L), class = "data.frame")
