fenceline.ex <- 
  structure(list(x = c(2097849.4, 2098180.4, 2099364.4, 2101095.8, 
                   2101286.7, 2100306.5, 2099173.4, 2098167.7),
                 y = c(859217.7, 861423.3, 861765, 861361.1,
                   859776.8, 858363.4, 857819.7, 858441 )
                 ),
            .Names = c("x", "y"))
